0.024045604839921
0.0158472778275609
0.015588470734655857
0.015463584288954734
0.015340566448867322
0.01523070763796568
0.015285729430615902
0.015211538784205914
0.015117338672280312
0.015161070413887501
0.015150162391364574
0.015158799104392528
0.01508241929113865
0.015087271481752396
0.015070030465722084
0.01503243688493967
0.015032009407877921
0.01494866944849491
0.014806567132472992
0.014631951972842217
0.014520455524325371
0.014375460706651211
0.014188007824122906
0.01395926158875227
0.013772728107869624
0.013620649650692939
0.013385586068034172
0.01321229487657547
0.013071765005588532
0.01293039359152317
0.012898832373321057
0.012798325717449188
0.012810852006077766
0.012728357315063476
0.01270731259137392
0.012667338363826275
0.012634512037038803
0.012613408640027047
0.012578091956675053
0.012580751068890094
0.012585332058370114
0.012571542710065841
0.012572973407804966
0.012519419007003308
0.012503328546881676
0.012511589378118516
0.012469012476503848
0.012511818297207355
0.01250513270497322
0.0124805498868227
0.012516310811042786
0.012481103092432022
0.012482207641005516
0.012420829571783542
0.012481188029050827
0.012443547695875167
0.012415620870888234
0.01244628820568323
0.012427273206412792
0.012431726045906543
0.012404497526586056
0.012378863245248794
0.012429748475551606
0.01242498606443405
0.012443427368998528
0.012421051412820816
0.012464518286287784
0.01241827867925167
0.012392740882933139
0.01239435188472271
0.012351329997181892
0.012406975589692592
0.012367346696555615
0.01236245222389698
0.012375923991203307
0.012348423525691033
0.012373693101108075
0.012363450042903424
0.01236872598528862
0.012367053329944611
0.012380274012684822
0.012336256727576256
0.01238893773406744
0.012358549423515797
0.012379527650773525
0.01235878150910139
0.012348283268511295
0.012373704090714454
0.012349268607795238
0.012379663996398449
0.012335590086877346
0.012357266433537007
0.012337358482182027
0.012369842827320099
0.012328580766916276
0.012295730412006378
0.012372730299830437
0.01241067871451378
0.012318842485547066
0.012342029996216298
0.012352226860821247
0.012332176603376866
0.012359695881605149
0.012370085529983043
0.012345764972269534
0.012320052459836006
0.012343081459403039
0.01229945570230484
0.012325143627822398
0.012334363535046577
0.012360604479908943
0.012363281659781932
0.012344940565526485
0.012336771562695503
0.012352211959660053
0.012329691462218762
0.012318146787583828
0.012356361001729965
0.012338109500706195
0.012331933155655861
0.012327801436185837
0.01234586425125599
0.012348026037216187
0.012358155846595765
0.012382225319743156
0.012384667247533798
